tree
version=v4
num_class=1
num_tree_per_iteration=1
label_index=0
max_feature_idx=22
objective=binary sigmoid:1
feature_names=type rsiV atrV tenkan kijun spanA spanB distPriceToCloud distKijunToCloud volume slope5V slope10V slope20V priceStd5V priceStd10V priceStd20V zScore50V distance_to_sl_art volatility_regime prix_vs_ema200 rsi_vs_ema_rsi sl_size_in_atr hour_of_day
feature_infos=[0:1] [8.454306773903312:91.572330482062526] [0.6664285714285384:6.3485714285712938] [1988.675:2585.5749999999998] [1989.135:2585.5749999999998] [1991.1199999999999:2586.0149999999999] [1990.3299999999999:2584.6199999999999] [0.0125000000002728:32.557499999999891] [0.0049999999996543001:20.2524999999996] [0.029999999999999999:0.19] [-3.3150000000002908:5.3189999999993596] [-1.6882424242424807:3.2708484848481461] [-1.2436315789475645:1.5260225563909495] [0.5609135405746194:8.7319848831751621] [0.43232973527156388:9.7609538980572239] [0.69058145790341274:10.164605882669459] [-3.7007880354056248:3.1315955703729705] [-8.0221642764015613:6.3412094513418333] [0:1] [2.8498186763372466:197.9606980056829] [-40.230904435795829:42.139877776483992] [0.93406593406597027:8.0221642764015613] [1:21]
tree_sizes=855 855 850 757 939 955 885 841 905 821 830 953 735 856 940 905 765 915 926 932 893 816 836 724 956 906 749 938 820 845 716 923 1104 1003

Tree=0
num_leaves=7
num_cat=0
split_feature=11 4 2 8 2 14
split_gain=13.7653 9.7247 5.51017 3.42455 2.99281 1.29414
threshold=-0.28818181818188865 2444.4425000000006 1.3196428571427987 1.5624999999997728 1.8353571428571962 1.5596308242714692
decision_type=2 2 2 2 2 2
left_child=3 2 -2 -1 -4 -5
right_child=1 -3 4 5 -6 -7
leaf_value=-0.52202078160763943 -0.47050933677975015 -0.4820158997013666 -0.36207274288719205 -0.47778576968779052 -0.45610892227975591 -0.44117917213896518
leaf_weight=11.499874055385591 12.565989673137663 6.8662576079368582 22.432727813720703 7.0109658241271955 9.6777316331863386 7.2619902491569519
leaf_count=45 44 26 68 26 33 24
internal_value=-0.442758 -0.417874 -0.403089 -0.483985 -0.38356 -0.46876
internal_weight=77.3155 51.5427 44.6764 25.7728 32.1105 14.273
internal_count=266 171 145 95 101 50
is_linear=0
shrinkage=1


Tree=1
num_leaves=7
num_cat=0
split_feature=11 3 2 12 7 2
split_gain=11.6301 9.36521 4.39445 4.18731 2.09906 0.934234
threshold=-0.28818181818188865 2442.0475000000006 1.3196428571427987 -0.21542857142851532 4.8137500000000282 1.8353571428571962
decision_type=2 2 2 2 2 2
left_child=3 2 -2 -1 -5 -4
right_child=1 -3 5 4 -6 -7
leaf_value=-0.053342527310237878 0.006672530810405964 -0.0082074681574001822 0.10366715299364208 0 0.044639984838953504 0.023632140077666404
leaf_weight=9.5354217886924761 12.587287425994871 7.0968582183122626 22.976211190223694 8.5177181959152239 7.6560695171356192 9.4885228574275953
leaf_count=38 44 27 68 32 25 32
internal_value=0.0320009 0.0546888 0.0694821 -0.00545806 0.0091641 0.0870549
internal_weight=77.8581 52.1489 45.052 25.7092 16.1738 32.4647
internal_count=266 171 144 95 57 100
is_linear=0
shrinkage=0.0813703


Tree=2
num_leaves=7
num_cat=0
split_feature=20 3 2 16 12 2
split_gain=9.65786 9.19371 4.31943 4.24835 2.16009 1.66774
threshold=-14.340112839156946 2442.0475000000006 1.3196428571427987 0.94271309289573846 -0.17936842105246342 1.8353571428571962
decision_type=8 2 2 2 2 2
left_child=3 2 -2 4 -1 -4
right_child=1 -3 5 -5 -6 -7
leaf_value=-0.061837269071520255 0.0023725650994857097 -0.0082212573277931859 0.1024136658509375 0.030051371161368048 0 0.021385798890826938
leaf_weight=9.0588272064924258 11.985878467559813 8.175538241863249 21.51695050299168 9.0372278392314893 8.0595673471689242 10.396967634558676
leaf_count=37 42 31 62 30 29 35
internal_value=0.0292576 0.0500679 0.065937 -0.00376028 -0.034468 0.082913
internal_weight=78.231 52.0753 43.8998 26.1556 17.1184 31.9139
internal_count=266 170 139 96 66 97
is_linear=0
shrinkage=0.0813703


Tree=3
num_leaves=6
num_cat=0
split_feature=11 3 12 2 7
split_gain=8.58301 7.28758 3.05617 2.46436 1.68666
threshold=-0.28818181818188865 2442.0475000000006 -0.21542857142851532 1.3196428571427987 4.8137500000000282
decision_type=2 2 2 2 2
left_child=2 3 -1 -2 -4
right_child=1 -3 4 -5 -6
leaf_value=-0.046533984720373324 0.0058240978313714633 -0.0069355885738101673 0 0.073132499853952357 0.038974044214089738
leaf_weight=9.2856254428625125 12.616696730256079 7.0696971565484992 8.5421170592308062 33.144320115447044 7.7577845603227606
leaf_count=38 44 27 32 100 25
internal_value=0.0269907 0.0463438 -0.00436829 0.0593848 0.00614907
internal_weight=78.4162 52.8307 25.5855 45.761 16.2999
internal_count=266 171 95 144 57
is_linear=0
shrinkage=0.0813703


Tree=4
num_leaves=8
num_cat=0
split_feature=2 5 10 10 10 15 10
split_gain=4.21937 3.65978 3.47931 4.43655 2.59558 2.33745 1.76128
threshold=1.8682142857142885 2319.1512500000003 0.8259999999999128 0.50850000000005835 -0.63949999999982532 1.5069918961722142 1.0454999999998835
decision_type=2 2 2 2 2 2 2
left_child=2 -2 3 4 5 -1 -4
right_child=1 -3 6 -5 -6 -7 -8
leaf_value=0.067235964360109479 0.026724045341784651 -0.040485113536266458 -0.016476318605809333 0.087555506962488192 -9.7117390315991413e-05 0 0.03269127620966196
leaf_weight=8.6268885433673876 9.1056385338306445 10.816606447100638 10.313157364726068 15.48328724503517 8.9218774437904376 7.8138284832239142 8.2921396493911725
leaf_count=27 30 42 38 46 32 29 26
internal_value=0.0237264 0 0.0349499 0.0483931 0.0158071 0.0378254 0
internal_weight=79.3734 19.9222 59.4512 40.8459 25.3626 16.4407 18.6053
internal_count=270 72 198 134 88 56 64
is_linear=0
shrinkage=0.0813703


Tree=5
num_leaves=8
num_cat=0
split_feature=12 13 10 10 12 10 20
split_gain=6.07988 3.44269 7.67278 1.99518 1.79542 1.56519 0.798049
threshold=-0.20005263157882128 1.145923651246773 0.8259999999999128 -0.93550000000002898 -0.033300751879657191 1.0454999999998835 -21.169951932161641
decision_type=2 2 2 2 2 2 10
left_child=6 4 3 -3 -2 -4 -1
right_child=1 2 5 -5 -6 -7 -8
leaf_value=-0.038410206576368122 -0.028130500284688352 0.013398355390806334 -0.0028642036946661983 0.11186619520730967 0.021499516916871676 0.028147091711721289 0
leaf_weight=7.0097395479679108 6.8191163092851665 8.1082170158624667 11.297967404127123 12.583775162696837 14.044089198112486 13.944188639521597 5.7821336686611158
leaf_count=29 26 27 41 36 45 45 21
internal_value=0.0217645 0.0330355 0.0456429 0.0839184 0 0.0055473 -0.0198844
internal_weight=79.5892 66.7974 45.9341 20.692 20.8632 25.2422 12.7919
internal_count=270 220 149 63 71 86 50
is_linear=0
shrinkage=0.0813703


Tree=6
num_leaves=8
num_cat=0
split_feature=12 13 11 21 19 17 20
split_gain=5.27599 2.52899 4.47243 3.52422 4.75665 9.00003 1.12542
threshold=-0.18814285714284307 1.145923651246773 0.36442424242434124 2.1383752904723639 92.78609815189823 2.9016677284778924 -21.169951932161641
decision_type=2 2 2 2 8 2 10
left_child=6 2 -2 -3 -5 -6 -1
right_child=1 3 -4 4 5 -7 -8
leaf_value=-0.039629094994977 -0.028076314229203394 0 0.046800575499256834 0 0.110295910483761 0 0
leaf_weight=7.1764189153909683 11.075748503208162 10.132790446281431 9.5337790846824628 11.343358710408209 15.950010955333711 8.1115028858184797 6.4190646857023221
leaf_count=30 41 35 29 39 45 28 23
internal_value=0.019956 0.0308297 0 0.0418133 0.053924 0.0747498 -0.0167596
internal_weight=79.7427 66.1472 20.6095 45.5377 35.4049 24.0615 13.5955
internal_count=270 217 70 147 112 73 53
is_linear=0
shrinkage=0.0813703


Tree=7
num_leaves=7
num_cat=0
split_feature=2 2 17 10 10 3
split_gain=3.1228 3.46729 3.03259 5.56949 1.1608 0.837314
threshold=1.8682142857142885 2.3167857142857362 -2.7224138049743147 0.8259999999999128 1.0454999999998835 2312.1100000000001
decision_type=2 2 2 2 2 2
left_child=2 -2 -1 5 -5 -4
right_child=1 -3 3 4 -6 -7
leaf_value=0 -0.038141687444955941 0.02689997621032305 0.0072316471437010657 -0.016142795699289642 0.024455707636616641 0.073495594945337861
leaf_weight=10.797511354088781 11.69171464443207 8.2219769954681379 10.175092786550524 10.304853260517122 8.360893175005911 20.240633830428123
leaf_count=40 45 27 33 38 26 61
internal_value=0.0182888 -0.000234406 0.0281248 0.0370691 0 0.0585645
internal_weight=79.7927 19.9137 59.879 49.0815 18.6657 30.4157
internal_count=270 72 198 158 64 94
is_linear=0
shrinkage=0.0813703


Tree=8
num_leaves=8
num_cat=0
split_feature=8 19 20 10 10 17 3
split_gain=3.73772 5.94274 7.1836 2.43089 1.88632 1.66437 0.913923
threshold=1.153749999999832 67.642817481760829 2.3795655316847264 -0.52600000000005809 0.54249999999985465 2.6236771966945178 2298.4450000000006
decision_type=2 8 8 2 2 2 2
left_child=3 4 -3 -1 -2 -4 -5
right_child=1 2 5 6 -6 -7 -8
leaf_value=0 -0.066772250069865466 0.070460101717147991 -0.035077681543535397 0 0 0.011792416507895628 0.0737284556490162
leaf_weight=9.1420422643423063 6.9210014939308149 13.856771901249886 7.815891087055209 7.5608912110328701 6.4083941429853439 10.089118734002112 16.237444385886192
leaf_count=33 28 43 29 25 22 33 49
internal_value=0.0230951 0.00235639 0.0258538 0.044802 -0.0371214 0 0.0587758
internal_weight=78.0316 45.0912 31.7618 32.9404 13.3294 17.905 23.7983
internal_count=262 155 105 107 50 62 74
is_linear=0
shrinkage=0.0813703


Tree=9
num_leaves=7
num_cat=0
split_feature=22 2 21 7 9 2
split_gain=3.0463 6.2971 3.34595 2.49106 3.40845 1.46056
threshold=5.5000000000000009 1.2849999999998964 2.5494219511123499 3.9100000000000827 0.12500000000000003 1.8682142857142885
decision_type=2 2 2 2 2 2
left_child=3 -2 5 -1 -5 -3
right_child=1 2 -4 4 -6 -7
leaf_value=0.029451146204079674 -0.0033356066878788559 0.033687058688453217 0.081100795390014052 0 -0.062369869790510422 0
leaf_weight=10.589824393391611 12.233047872781752 12.791960269212725 17.46876685321331 8.1611190885305387 7.6802311837673178 9.2515618950128538
leaf_count=34 44 40 53 28 30 33
internal_value=0.0214181 0.0329066 0.0496977 0 -0.0214789 0.0148269
internal_weight=78.1765 51.7453 39.5123 26.4312 15.8414 22.0435
internal_count=262 170 126 92 58 73
is_linear=0
shrinkage=0.0813703


Tree=10
num_leaves=7
num_cat=0
split_feature=8 22 5 15 19 13
split_gain=3.19427 5.73551 5.43107 8.11306 6.07166 4.68331
threshold=1.153749999999832 11.500000000000002 2314.5012500000007 1.7248468523855987 67.642817481760829 1.4340306487411205
decision_type=2 2 2 2 8 2
left_child=1 -1 3 -2 -4 -6
right_child=2 -3 4 -5 5 -7
leaf_value=0.062057336507794783 0 0 -0.064152157064819373 0.096491611267278551 0.055230126244883063 -0.026557381189388579
leaf_weight=23.21765048801899 8.89911036193371 9.9224857240915281 11.655937835574152 8.7741963118314725 8.554443955421446 7.2800603210926047
leaf_count=72 31 35 46 25 26 27
internal_value=0.0196689 0.0393972 0.000319267 0.0397861 -0.017047 0.00372736
internal_weight=78.3039 33.1401 45.1637 17.6733 27.4904 15.8345
internal_count=262 107 155 56 99 53
is_linear=0
shrinkage=0.0813703


Tree=11
num_leaves=8
num_cat=0
split_feature=19 5 2 10 12 19 13
split_gain=2.97333 3.09978 5.04027 2.13366 4.52269 1.66901 0.287245
threshold=84.238321048095301 2313.9000000000001 1.9896428571427542 0.9510000000002039 -0.17264661654136731 53.312263563268949 1.145923651246773
decision_type=10 2 2 2 2 8 2
left_child=1 2 6 4 -3 -6 -1
right_child=-2 3 -4 -5 5 -7 -8
leaf_value=-0.0001471330365774027 0.061114237773722706 -0.045619353086055865 0.084346104260620114 -0.040827253389544862 0 0.045507024042232447 0.011738992414811399
leaf_weight=7.6144067347049775 10.858973532915114 7.2771172374486914 8.063538581132887 8.6707684546709043 9.6176930069923454 12.489977568387983 13.80020025372505
leaf_count=27 33 30 23 33 33 38 45
internal_value=0.0177434 0.00751056 0.0285299 -0.00298747 0.000687808 0.0258866 0
internal_weight=78.3927 67.5337 29.4781 38.0556 29.3848 22.1077 21.4146
internal_count=262 229 95 134 101 71 72
is_linear=0
shrinkage=0.0813703


Tree=12
num_leaves=6
num_cat=0
split_feature=2 17 1 1 22
split_gain=6.25747 6.00764 4.63024 2.74823 1.54313
threshold=1.8353571428571962 -2.7224138049743147 70.579053432377762 36.086638586503064 3.5000000000000004
decision_type=2 2 2 2 2
left_child=1 -1 4 -2 -3
right_child=3 2 -4 -5 -6
leaf_value=0 -0.050712873329467598 0.0027835735843808078 0 0.0017253437253611145 0.081207676638102425
leaf_weight=12.659365341067312 7.3712801039218929 8.3996524512767774 13.979189068078993 13.719436958432196 25.381874307990074
leaf_count=46 30 27 47 46 73
internal_value=0.0237994 0.0379023 0.0514802 -0.00616599 0.0682233
internal_weight=81.5108 60.4201 47.7607 21.0907 33.7815
internal_count=269 193 147 76 100
is_linear=0
shrinkage=0.0813703


Tree=13
num_leaves=7
num_cat=0
split_feature=12 8 9 12 19 8
split_gain=5.35617 4.46514 4.30525 5.05711 3.26933 1.24172
threshold=-0.26087218045116972 1.1837499999999184 0.14500000000000005 0.19400375939849621 46.252283125461254 3.2449999999998913
decision_type=2 2 2 2 10 2
left_child=-1 4 3 5 -2 -3
right_child=1 2 -4 -5 -6 -7
leaf_value=-0.026271336873916962 0.074374089691285727 0.081509510678755143 -0.02852357138400119 -0.0010120931511846134 0.0015090804971265577 0
leaf_weight=8.6193156987428647 21.62383571267128 9.278693646192556 11.528242632746695 9.3169405162334424 13.238212347030638 7.7995471805334082
leaf_count=35 64 27 42 33 43 25
internal_value=0.0220948 0.0308463 0.00466017 0.0274921 0.0530185 0.0559303
internal_weight=81.4048 72.7855 37.9234 26.3952 34.862 17.0782
internal_count=269 234 127 85 107 52
is_linear=0
shrinkage=0.0813703


Tree=14
num_leaves=8
num_cat=0
split_feature=2 21 15 10 16 14 2
split_gain=5.09037 3.76704 2.67008 2.24491 1.6326 0.998081 0.387119
threshold=1.8353571428571962 2.8626157252267119 1.2585028761834047 0.8680000000000293 0.36601709220603856 1.3799595647248313 2.2174999999999665
decision_type=2 2 2 2 2 2 2
left_child=1 2 -1 6 5 -3 -2
right_child=3 4 -4 -5 -6 -7 -8
leaf_value=0.0047856898981995218 -0.049629896249749283 0 0.076774485637070608 0.011559611464023071 0.029316950484492312 -0.031749764258371838 0
leaf_weight=13.177234977483751 6.9892489314079302 9.4479711651802116 18.387417539954185 7.7374275326728812 12.59860724210739 6.7952274531126013 6.2829225361347198
leaf_count=42 28 32 53 25 40 26 23
internal_value=0.0202666 0.0331351 0.0536945 -0.00625617 0.00300329 -0.00385574 -0.0332262
internal_weight=81.4161 60.4065 31.5647 21.0096 28.8418 16.2432 13.2722
internal_count=269 193 95 76 98 58 51
is_linear=0
shrinkage=0.0813703


Tree=15
num_leaves=8
num_cat=0
split_feature=2 19 8 5 2 14 5
split_gain=4.43416 2.90694 4.66075 4.46429 2.33909 2.00953 0.0453717
threshold=1.8353571428571962 85.839929173194648 0.74500000000000466 2035.7550000000003 1.2432142857143125 2.7973826032884825 2338.8262500000005
decision_type=2 8 2 2 2 2 2
left_child=1 2 -1 -3 -5 6 -2
right_child=5 3 -4 4 -6 -7 -8
leaf_value=0.045476650716730994 0 0 -0.034106096773295978 0 0.073741252854680181 0.013040712917777676 -0.043524448587263329
leaf_weight=9.3603611737489718 7.1195523291826266 8.3876319825649244 9.8871803432703 10.252592444419859 22.467954352498055 6.9621870815753928 6.8656706959009171
leaf_count=28 25 29 37 34 65 23 28
internal_value=0.0189212 0.030968 0 0.0433158 0.0571015 -0.00528188 -0.0301416
internal_weight=81.3031 60.3557 19.2475 41.1082 32.7205 20.9474 13.9852
internal_count=269 193 65 128 99 76 53
is_linear=0
shrinkage=0.0813703


Tree=16
num_leaves=6
num_cat=0
split_feature=3 8 8 2 20
split_gain=4.9146 4.20517 2.28538 1.98929 2.34197
threshold=2371.2950000000005 0.41124999999988182 1.1950000000002776 1.7557142857142292 -8.3052008802928565
decision_type=2 2 2 2 10
left_child=1 -1 -2 -3 -5
right_child=2 3 -4 4 -6
leaf_value=-0.0030141459933657462 0.0012106420259471685 0.050678069011180278 -0.037618220421195191 -0.018797498379078091 0.039660193644671403
leaf_weight=9.498268857598303 11.793538749217989 35.759788826107979 12.139589890837668 7.1245456486940375 8.2578641772270185
leaf_count=33 39 111 46 27 25
internal_value=0.015545 0.0289755 -0.00928793 0.0392205 0
internal_weight=84.5736 60.6405 23.9331 51.1422 15.3824
internal_count=281 196 85 163 52
is_linear=0
shrinkage=0.0813703


Tree=17
num_leaves=8
num_cat=0
split_feature=13 3 19 9 20 15 8
split_gain=4.38997 8.66689 5.97421 4.87084 4.02521 2.48185 1.56807
threshold=1.0844295858962474 2371.2950000000005 68.576272750931508 0.12500000000000003 8.1209446231628437 1.9916838914286292 0.49625000000003189
decision_type=2 2 8 2 10 2 2
left_child=3 5 -3 -1 -5 6 -2
right_child=1 2 -4 4 -6 -7 -8
leaf_value=0.028181820142912678 0 0.019557740940605028 -0.064007644475392769 -0.085914514331651287 0 0 0.068237374738459311
leaf_weight=7.3806737810373333 6.8696646690368643 8.736633628606798 9.4549722671508771 7.5082435309886915 7.6120379716157913 10.08569775521755 26.868056178092957
leaf_count=23 22 29 37 30 25 35 80
internal_value=0.0140752 0.0264633 -0.0117757 -0.0102858 -0.0436198 0.0473593 0.0583136
internal_weight=84.516 62.015 18.1916 22.501 15.1203 43.8234 33.7377
internal_count=281 203 66 78 55 137 102
is_linear=0
shrinkage=0.0813703


Tree=18
num_leaves=8
num_cat=0
split_feature=3 7 16 19 3 3 3
split_gain=3.34033 3.84569 3.51704 2.64559 1.60385 0.23915 0.209085
threshold=2371.2950000000005 4.7412500000000373 -0.31619645752978481 68.576272750931508 2325.3375000000005 2300.7425000000007 2048.3975000000005
decision_type=2 2 2 8 2 2 2
left_child=1 2 5 -2 6 -1 -3
right_child=3 4 -4 -5 -6 -7 -8
leaf_value=0 0.0085000178119811875 0.010003308602642872 -0.025256955636730416 -0.037971851099565058 0 0.042060182536302872 0.078158221575988784
leaf_weight=7.7319923788309159 11.593996435403826 9.5938058048486763 14.270904690027235 12.16780850291252 8.2150000780820829 8.9124321043491346 11.850102066993712
leaf_count=25 39 31 51 46 28 27 34
internal_value=0.0131712 0.0243386 0 -0.00603415 0.0454792 0.0291912 0.0579305
internal_weight=84.336 60.5742 30.9153 23.7618 29.6589 16.6444 21.4439
internal_count=281 196 103 85 93 52 65
is_linear=0
shrinkage=0.0813703


Tree=19
num_leaves=8
num_cat=0
split_feature=13 3 10 7 19 7 22
split_gain=3.66301 6.76217 6.06492 5.41147 4.7117 1.91749 1.75942
threshold=1.0844295858962474 2371.2950000000005 -0.8719999999999708 4.9724999999998554 68.576272750931508 3.1875000000000004 9.5000000000000018
decision_type=2 2 2 2 8 2 2
left_child=3 2 -2 5 -3 -1 -4
right_child=1 4 6 -5 -6 -7 -8
leaf_value=0 0 0.017216686308290308 0.083098419221031602 0.025211555501175407 -0.05679570666003024 -0.085658879656109618 0.01434306512424602
leaf_weight=7.2842743545770663 11.712481588125227 8.764197766780855 18.539093360304832 9.0141080766916257 9.2859880030155164 6.0936212986707687 13.527962952852247
leaf_count=25 41 29 53 28 37 25 43
internal_value=0.012538 0.0239879 0.0424782 -0.00924817 -0.00866534 -0.0489201 0.0609568
internal_weight=84.2217 61.8297 43.7795 22.392 18.0502 13.3779 32.0671
internal_count=281 203 137 78 66 50 96
is_linear=0
shrinkage=0.0813703


Tree=20
num_leaves=8
num_cat=0
split_feature=11 16 14 13 3 10 15
split_gain=6.9353 7.05772 3.40255 4.19231 3.00451 2.45739 1.99628
threshold=0.58615151515152941 -0.53449824735504603 1.1814450373024867 1.8294366622130978 2341.3325000000004 0.83500000000000008 1.3436723213118975
decision_type=2 2 2 2 2 2 2
left_child=1 4 -3 6 5 -1 -4
right_child=-2 2 3 -5 -6 -7 -8
leaf_value=0 0.082017007462660288 0.0012110533772502023 0 0 0 0.082021312154481316 -0.088622314101379107
leaf_weight=7.9251409322023454 7.7368056476116172 8.8940051645040494 8.3835326582193428 8.8937836289405805 13.321707710623739 9.3395292609930021 10.638466745615004
leaf_count=26 22 29 29 32 46 26 43
internal_value=0.00902848 0 -0.0233459 -0.0390543 0.0295276 0.0519316 -0.060808
internal_weight=75.133 67.3962 36.8098 27.9158 30.5864 17.2647 19.022
internal_count=253 231 133 104 98 52 72
is_linear=0
shrinkage=0.0813703


Tree=21
num_leaves=7
num_cat=0
split_feature=10 19 19 21 7 15
split_gain=5.61159 3.61956 2.18915 9.02156 1.11816 1.1283
threshold=0.8680000000000293 26.909781027177893 116.21881219694967 2.6528283903654271 3.5687500000001369 1.4504224829484818
decision_type=2 10 8 2 2 2
left_child=2 -2 3 -1 -4 -6
right_child=1 -3 4 -5 5 -7
leaf_value=0.0034778720167831811 0.066392824765251379 0 0 -0.086878304157655711 0.042034905400743956 0
leaf_weight=14.655034095048906 15.024786219000818 8.394433841109274 7.9962545037269619 9.6402203440666181 9.3467728048563021 9.8867432326078397
leaf_count=49 44 29 28 41 28 34
internal_value=0.00853718 0.0424813 -0.00261939 -0.0233155 0.00776312 0.0216852
internal_weight=74.9442 23.4192 51.525 24.2953 27.2298 19.2335
internal_count=253 73 180 90 90 62
is_linear=0
shrinkage=0.0813703


Tree=22
num_leaves=7
num_cat=0
split_feature=13 10 7 13 4 21
split_gain=5.16564 5.0803 3.59434 1.75674 1.05958 0.32083
threshold=1.145923651246773 -0.78899999999994164 3.766249999999673 1.8294366622130978 2403.0125000000003 2.8852684303127303
decision_type=2 2 2 2 2 2
left_child=2 3 -1 -2 5 -3
right_child=1 4 -4 -5 -6 -7
leaf_value=-0.069123592312856488 -0.031364259099290318 0.068794683902485151 0 0.011212302585475394 0 0.0079960697174836226
leaf_weight=7.168240666389468 10.576483353972437 14.896963566541674 11.920630455017088 9.7648700028657895 9.6131018400192243 10.748793840408323
leaf_count=28 40 43 41 34 33 34
internal_value=0.00790104 0.0226059 -0.0233994 -0.000104911 0.0419506 0.0518949
internal_weight=74.6891 55.6002 19.0889 20.3414 35.2589 25.6458
internal_count=253 184 69 74 110 77
is_linear=0
shrinkage=0.0813703


Tree=23
num_leaves=6
num_cat=0
split_feature=13 10 19 7 13
split_gain=4.50279 4.47276 3.09521 3.08673 1.4875
threshold=1.145923651246773 -0.78899999999994164 48.631706297362932 3.766249999999673 1.8294366622130978
decision_type=2 2 10 2 2
left_child=3 4 -3 -1 -2
right_child=1 2 -4 -5 -6
leaf_value=-0.063946406556860777 -0.02892336640296839 0.05562271971450921 0 0 0.010278092598208612
leaf_weight=7.1200927197933224 10.537498503923418 24.380143776535988 10.744778037071226 11.920630455017088 9.7847516983747465
leaf_count=28 40 73 37 41 34
internal_value=0.00749533 0.0213698 0.0395475 -0.0213478 0
internal_weight=74.4879 55.4472 35.1249 19.0407 20.3223
internal_count=253 184 110 69 74
is_linear=0
shrinkage=0.0813703


Tree=24
num_leaves=8
num_cat=0
split_feature=20 8 9 13 7 16 13
split_gain=2.95908 3.25083 2.65161 3.29319 2.08844 1.59455 1.58992
threshold=-23.849038462979063 1.1837499999999184 0.12500000000000003 1.8438354957722434 3.9325000000003461 -0.31619645752978481 1.2357378362065385
decision_type=10 2 2 2 2 2 2
left_child=-1 4 3 -3 5 -2 -4
right_child=1 2 6 -5 -6 -7 -8
leaf_value=-0.037587900283735681 0.030167457838342206 0.042009822522032919 -0.062414720661361479 -0.016277544517345421 0.069577732900849065 -0.0052456590502908892 0
leaf_weight=11.316505312919615 11.635484129190448 12.20647117495537 6.9293823093175915 7.1093233674764624 7.8753958940505973 9.7227040827274323 10.582394808530806
leaf_count=45 36 38 27 26 23 34 37
internal_value=0 0.00738607 -0.00379954 0.00916175 0.0290065 0.00374133 -0.0306649
internal_weight=77.3777 66.0612 36.8276 19.3158 29.2336 21.3582 17.5118
internal_count=266 221 128 64 93 70 64
is_linear=0
shrinkage=0.0813703


Tree=25
num_leaves=8
num_cat=0
split_feature=17 8 16 9 13 11 20
split_gain=4.32026 2.08574 1.79503 1.78446 3.45181 0.720051 0.279376
threshold=-2.7224138049743147 1.1837499999999184 -0.31619645752978481 0.12500000000000003 1.8438354957722434 0.24457575757564468 -26.34579061370906
decision_type=2 2 2 2 2 2 8
left_child=6 2 -2 4 -3 -5 -1
right_child=1 3 -4 5 -6 -7 -8
leaf_value=0 0.045450127909979862 0.045412731946571437 0 0 -0.012061009800367818 -0.041672845433658297 -0.06315880772333711
leaf_weight=5.8368550688028336 14.846003279089929 11.656211018562319 14.587226703763006 7.7541436254978171 7.9145798087120047 8.2041057497262937 6.3880749791860563
leaf_count=23 45 35 49 27 29 31 27
internal_value=0 0.00874898 0.0252614 0 0.0109234 -0.024373 -0.0439675
internal_weight=77.1872 64.9623 29.4332 35.529 19.5708 15.9582 12.2249
internal_count=266 216 94 122 64 58 50
is_linear=0
shrinkage=0.0813703


Tree=26
num_leaves=6
num_cat=0
split_feature=17 19 2 12 17
split_gain=3.76957 3.38611 3.69614 2.84678 2.36457
threshold=-2.7224138049743147 33.855453942981505 1.9310714285714228 -1.0000000180025095e-35 2.7738763994030848
decision_type=2 8 2 2 2
left_child=-1 -2 3 -3 -5
right_child=1 2 -4 4 -6
leaf_value=-0.041610209343228823 0.057467453221672148 0.042339854196972809 -0.039139725196626486 -0.032903209803205102 0.014120355332187898
leaf_weight=12.13401375710964 7.984749808907508 13.867008984088892 12.051958888769148 10.74117043614388 20.199836567044258
leaf_count=50 24 43 45 39 65
internal_value=0 0.00780464 0 0.0115813 0
internal_weight=76.9787 64.8447 56.86 44.808 30.941
internal_count=266 216 192 147 104
is_linear=0
shrinkage=0.0813703


Tree=27
num_leaves=8
num_cat=0
split_feature=17 2 10 9 6 8 15
split_gain=3.21184 1.9912 3.1969 3.19825 2.61374 1.52956 0.867996
threshold=-2.7224138049743147 1.8353571428571962 0.8259999999999128 0.13500000000000004 2323.2075000000009 1.2599999999999911 2.1820788240168274
decision_type=2 2 2 2 2 2 2
left_child=-1 2 3 -2 -5 -4 -3
right_child=1 6 5 4 -6 -7 -8
leaf_value=-0.038635263225742893 0.072903095227167203 -0.026432133886419091 0.0080695052694364187 -0.022413091751247782 0.034438843406970225 -0.035145534515448322 0
leaf_weight=12.01033280789852 10.809095397591593 10.202390298247339 9.7219541221857089 6.9623910188674953 11.672704339027403 7.6864129155874243 7.6987920552492133
leaf_count=50 31 38 31 25 36 29 26
internal_value=0 0.0071802 0.017977 0.035116 0.00138679 0 -0.00878283
internal_weight=76.7641 64.7537 46.8526 29.4442 18.6351 17.4084 17.9012
internal_count=266 216 152 92 61 60 64
is_linear=0
shrinkage=0.0813703


Tree=28
num_leaves=7
num_cat=0
split_feature=2 21 17 21 22 2
split_gain=4.64347 5.44811 4.42578 4.0171 0.899256 0.422909
threshold=1.3071428571427841 2.3877054198120224 -2.7224138049743147 3.7687769810773419 5.5000000000000009 2.0392857142856688
decision_type=2 2 2 2 2 2
left_child=3 5 -3 -1 -4 -2
right_child=1 2 4 -5 -6 -7
leaf_value=-0.053879383318804583 0 0 0.00063893206816362561 0 0.071682893079591567 -0.020114621633264905
leaf_weight=12.102880582213404 14.208296522498133 6.7827763706445685 8.4919833987951296 10.019571810960768 18.946102395653725 7.0600734502077094
leaf_count=47 48 27 28 34 56 27
internal_value=0.00706554 0.0216807 0.0425988 -0.019644 0.0577169 -0.00162778
internal_weight=77.6117 55.4892 34.2209 22.1225 27.4381 21.2684
internal_count=267 186 111 81 84 75
is_linear=0
shrinkage=0.0813703


Tree=29
num_leaves=7
num_cat=0
split_feature=7 17 1 1 1 1
split_gain=4.32941 3.76723 3.15763 2.62105 4.23839 1.03269
threshold=5.2799999999999736 -2.5814015267328254 69.777036375933818 61.82027299681716 67.260988430149496 36.711544845630151
decision_type=2 2 2 2 2 2
left_child=1 -1 5 -3 -5 -2
right_child=2 3 -4 4 -6 -7
leaf_value=-0.060749156600684528 0.0086804678378283578 0.032294200946231803 0 -0.053542893920282435 0.0066446797305263396 0.076619892086447247
leaf_weight=7.2697394490241996 12.967540681362154 13.401913642883299 11.218636959791182 10.781939417123796 12.006027847528456 9.6771581470966321
leaf_count=32 46 43 38 41 39 28
internal_value=0.00649611 -0.00658643 0.0297858 0 -0.0121738 0.0474341
internal_weight=77.323 43.4596 33.8633 36.1899 22.788 22.6447
internal_count=267 155 112 123 80 74
is_linear=0
shrinkage=0.0813703


Tree=30
num_leaves=6
num_cat=0
split_feature=9 19 20 7 14
split_gain=3.84451 2.88654 2.51338 2.53908 2.15657
threshold=0.12500000000000003 84.238321048095301 12.123908439033203 3.6800000000000641 1.8291307224004985
decision_type=2 10 8 2 2
left_child=4 2 3 -2 -1
right_child=1 -3 -4 -5 -6
leaf_value=0.047986319100234508 0 0.02551249593346094 0 -0.064009393933328315 0
leaf_weight=17.993987575173382 10.007905766367914 9.7951390892267209 14.000035524368284 11.569089785218237 13.745163321495054
leaf_count=57 36 31 48 46 49
internal_value=0.00614501 -0.00516683 -0.0198002 -0.0376521 0.0292504
internal_weight=77.1113 45.3722 35.577 21.577 31.7392
internal_count=267 161 130 82 106
is_linear=0
shrinkage=0.0813703


Tree=31
num_leaves=8
num_cat=0
split_feature=8 4 20 10 12 17 13
split_gain=1.90554 2.04021 3.97566 1.16106 1.15632 0.835974 0.296147
threshold=0.3462499999998272 2342.2875000000008 9.5683925594161021 0.42999999999985455 0.15206015037593282 2.6236771966945178 1.6986149737640632
decision_type=2 2 8 2 2 2 2
left_child=-1 2 6 -3 -4 -5 -2
right_child=1 3 4 5 -6 -7 -8
leaf_value=-0.018968638539277726 -0.007807437937448143 0.014087152632086061 0.073648742128999425 -0.038269158988189229 0 0 0.011812949358098433
leaf_weight=10.69449934363365 12.617140620946886 10.454682424664499 10.842282876372339 7.6119480133056623 8.9333044886589033 7.2834606766700745 8.5401197224855405
leaf_count=40 47 37 32 29 29 25 28
internal_value=0.00575918 0.0130696 0.0246296 0 0.0508598 -0.0194117 0
internal_weight=76.9774 66.2829 40.9328 25.3501 19.7756 14.8954 21.1573
internal_count=267 227 136 91 61 54 75
is_linear=0
shrinkage=0.0813703


Tree=32
num_leaves=10
num_cat=0
split_feature=19 14 8 16 16 14 7 19 16
split_gain=2.26148 1.98901 2.43061 3.93195 2.41473 2.38297 1.74819 0.56107 0.0910654
threshold=26.232587049203211 1.2036280060422642 2.0687500000000232 -0.1757005318429363 0.94271309289573846 1.7374362736366218 4.8487500000003374 45.045826947536092 -0.54749368320342773
decision_type=8 2 2 2 2 2 2 10 2
left_child=-1 6 3 7 -5 8 -2 -3 -4
right_child=1 2 5 4 -6 -7 -8 -9 -10
leaf_value=0.059269434778660271 0 0 0 -0.039498108365645546 0.0083631852263337352 0 0.056900956149034045 0.057261063668616725 -0.070164161539830128
leaf_weight=7.4984561651945105 7.5579838156700125 9.1636200249195081 7.0220061987638474 10.520825192332273 7.6125889122486106 8.8955959081649763 8.2479269802570325 10.084691286087034 5.7281050682067889
leaf_count=23 26 31 25 40 25 30 25 32 25
internal_value=0.012723 0.00511771 0 0.0106937 -0.00726749 -0.0233667 0.0309387 0.0390495 -0.0465233
internal_weight=82.3318 74.8333 59.0274 37.3817 18.1334 21.6457 15.8059 19.2483 12.7501
internal_count=282 259 208 128 65 80 51 63 50
is_linear=0
shrinkage=0.0813703


Tree=33
num_leaves=9
num_cat=0
split_feature=13 10 12 12 4 7 22 11
split_gain=1.82186 4.11504 4.60006 1.57557 1.45232 1.7718 1.06079 0.880032
threshold=1.1133833408695433 0.8259999999999128 -0.28524812030080787 0.072718045112879964 2374.8675000000007 4.8487500000003374 7.5000000000000009 -0.2545454545453133
decision_type=2 2 2 2 2 2 2 2
left_child=4 2 -2 -3 5 -1 -5 -4
right_child=1 3 7 6 -6 -7 -8 -9
leaf_value=-0.048411504083608045 0 -0.032312438521722157 0.018024901270313864 0 0.01673315676956854 0 0.028636930599982884 0.083926929033179234
leaf_weight=8.1259530037641543 5.5688403546810141 8.3931377381086367 14.794566974043846 7.5558013916015652 8.2240805178880674 7.2026169300079337 10.599556446075438 11.732611641287804
leaf_count=32 24 31 50 26 27 25 33 34
internal_value=0.0120092 0.020195 0.0399259 0 0 -0.0218426 0.00958742 0.0554697
internal_weight=82.1972 58.6445 32.096 26.5485 23.5527 15.3286 18.1554 26.5272
internal_count=282 198 108 90 84 57 59 84
is_linear=0
shrinkage=0.0813703


end of trees

feature_importances:
atrV=23
slope5V=21
prix_vs_ema200=17
priceStd5V=16
distPriceToCloud=14
distKijunToCloud=14
tenkan=13
slope20V=13
distance_to_sl_art=11
rsi_vs_ema_rsi=10
zScore50V=9
volume=7
slope10V=7
priceStd10V=7
priceStd20V=7
sl_size_in_atr=7
rsiV=6
hour_of_day=6
spanA=5
kijun=4
spanB=1

parameters:
[boosting: gbdt]
[objective: binary]
[metric: binary_logloss]
[tree_learner: serial]
[device_type: cpu]
[data_sample_strategy: bagging]
[data: ]
[valid: ]
[num_iterations: 5000]
[learning_rate: 0.0813703]
[num_leaves: 65]
[num_threads: 6]
[seed: 42]
[deterministic: 0]
[force_col_wise: 0]
[force_row_wise: 0]
[histogram_pool_size: -1]
[max_depth: 5]
[min_data_in_leaf: 25]
[min_sum_hessian_in_leaf: 0.001]
[bagging_fraction: 0.663432]
[pos_bagging_fraction: 1]
[neg_bagging_fraction: 1]
[bagging_freq: 4]
[bagging_seed: 400]
[bagging_by_query: 0]
[feature_fraction: 0.707086]
[feature_fraction_bynode: 1]
[feature_fraction_seed: 30056]
[extra_trees: 0]
[extra_seed: 12879]
[early_stopping_round: 0]
[early_stopping_min_delta: 0]
[first_metric_only: 0]
[max_delta_step: 0]
[lambda_l1: 2.70495]
[lambda_l2: 2.58686e-07]
[linear_lambda: 0]
[min_gain_to_split: 0]
[drop_rate: 0.1]
[max_drop: 50]
[skip_drop: 0.5]
[xgboost_dart_mode: 0]
[uniform_drop: 0]
[drop_seed: 17869]
[top_rate: 0.2]
[other_rate: 0.1]
[min_data_per_group: 100]
[max_cat_threshold: 32]
[cat_l2: 10]
[cat_smooth: 10]
[max_cat_to_onehot: 4]
[top_k: 20]
[monotone_constraints: ]
[monotone_constraints_method: basic]
[monotone_penalty: 0]
[feature_contri: ]
[forcedsplits_filename: ]
[refit_decay_rate: 0.9]
[cegb_tradeoff: 1]
[cegb_penalty_split: 0]
[cegb_penalty_feature_lazy: ]
[cegb_penalty_feature_coupled: ]
[path_smooth: 0]
[interaction_constraints: ]
[verbosity: -1]
[saved_feature_importance_type: 0]
[use_quantized_grad: 0]
[num_grad_quant_bins: 4]
[quant_train_renew_leaf: 0]
[stochastic_rounding: 1]
[linear_tree: 0]
[max_bin: 255]
[max_bin_by_feature: ]
[min_data_in_bin: 3]
[bin_construct_sample_cnt: 200000]
[data_random_seed: 175]
[is_enable_sparse: 1]
[enable_bundle: 1]
[use_missing: 1]
[zero_as_missing: 0]
[feature_pre_filter: 1]
[pre_partition: 0]
[two_round: 0]
[header: 0]
[label_column: ]
[weight_column: ]
[group_column: ]
[ignore_column: ]
[categorical_feature: ]
[forcedbins_filename: ]
[precise_float_parser: 0]
[parser_config_file: ]
[objective_seed: 16083]
[num_class: 1]
[is_unbalance: 0]
[scale_pos_weight: 1.6125]
[sigmoid: 1]
[boost_from_average: 1]
[reg_sqrt: 0]
[alpha: 0.9]
[fair_c: 1]
[poisson_max_delta_step: 0.7]
[tweedie_variance_power: 1.5]
[lambdarank_truncation_level: 30]
[lambdarank_norm: 1]
[label_gain: ]
[lambdarank_position_bias_regularization: 0]
[eval_at: ]
[multi_error_top_k: 1]
[auc_mu_weights: ]
[num_machines: 1]
[local_listen_port: 12400]
[time_out: 120]
[machine_list_filename: ]
[machines: ]
[gpu_platform_id: -1]
[gpu_device_id: -1]
[gpu_use_dp: 0]
[num_gpu: 1]

end of parameters

pandas_categorical:[]
